-0.00986408 -5.34845e-05 0.988163 0.0627905 5.19006 0.027656 
-0.00986365 -0.000106967 0.982253 0.125333 5.18984 0.0553112 
-0.00986293 -0.000160444 0.972429 0.187381 5.18948 0.0829649 
-0.00986192 -0.000213916 0.95873 0.248688 5.18897 0.110616 
-0.00986062 -0.000267378 0.94121 0.309014 5.18831 0.138264 
-0.00985903 -0.000320829 0.919939 0.36812 5.18751 0.165909 
-0.00985715 -0.000374267 0.895002 0.425772 5.18656 0.193549 
-0.00985498 -0.00042769 0.866496 0.481744 5.18547 0.221183 
-0.00985253 -0.000481095 0.834536 0.535815 5.18423 0.248811 
-0.00984979 -0.00053448 0.799247 0.587772 5.18284 0.276432 
-0.00984677 -0.000587844 0.76077 0.63741 5.18131 0.304045 
-0.00984345 -0.000641184 0.719256 0.684534 5.17963 0.33165 
-0.00983986 -0.000694498 0.674871 0.728959 5.17781 0.359245 
-0.00983597 -0.000747784 0.627789 0.77051 5.17584 0.38683 
-0.00983181 -0.000801041 0.578197 0.809024 5.17372 0.414405 
-0.00982736 -0.000854266 0.526291 0.844351 5.17146 0.441967 
-0.00982263 -0.000907457 0.472275 0.876351 5.16906 0.469518 
-0.00981761 -0.000960613 0.416363 0.904901 5.16651 0.497055 
-0.00981232 -0.00101373 0.358776 0.929888 5.16381 0.524578 
-0.00980674 -0.00106681 0.29974 0.951215 5.16097 0.552086 
-0.00980089 -0.00111985 0.239487 0.9688 5.15798 0.579579 
-0.00979475 -0.00117285 0.178255 0.982574 5.15485 0.607056 
-0.00978834 -0.0012258 0.116286 0.992485 5.15158 0.634515 
-0.00978166 -0.00127871 0.0538212 0.998495 5.14815 0.661957 
-0.00977469 -0.00133156 -0.0088926 1.00058 5.14459 0.68938 
-0.00976745 -0.00138438 -0.0716096 0.998736 5.14088 0.716783 
-0.00975994 -0.00143714 -0.134084 0.992969 5.13702 0.744167 
-0.00975216 -0.00148985 -0.19607 0.983303 5.13302 0.771529 
-0.0097441 -0.0015425 -0.257327 0.969778 5.12888 0.79887 
-0.00973577 -0.00159511 -0.317612 0.952448 5.12459 0.826189 
-0.00972717 -0.00164765 -0.376692 0.931381 5.12016 0.853484 
-0.00971831 -0.00170014 -0.434335 0.906661 5.11558 0.880755 
-0.00970917 -0.00175258 -0.490316 0.878386 5.11086 0.908002 
-0.00969977 -0.00180495 -0.544416 0.846668 5.106 0.935222 
-0.0096901 -0.00185727 -0.596425 0.81163 5.10099 0.962417 
-0.00968016 -0.00190952 -0.646139 0.773412 5.09584 0.989585 
-0.00966996 -0.00196171 -0.693364 0.732163 5.09055 1.01672 
-0.0096595 -0.00201384 -0.737917 0.688044 5.08511 1.04384 
-0.00964877 -0.0020659 -0.779625 0.64123 5.07953 1.07092 
-0.00963778 -0.0021179 -0.818324 0.591902 5.07381 1.09797 
-0.00962653 -0.00216984 -0.853865 0.540254 5.06794 1.12499 
-0.00961502 -0.00222171 -0.886109 0.486488 5.06194 1.15198 
-0.00960325 -0.00227351 -0.914931 0.430814 5.05579 1.17894 
-0.00959122 -0.00232524 -0.940219 0.37345 5.0495 1.20586 
-0.00957893 -0.0023769 -0.961874 0.314619 5.04306 1.23275 
-0.00956638 -0.0024285 -0.979812 0.254551 5.03649 1.2596 
-0.00955358 -0.00248002 -0.993964 0.19348 5.02977 1.28642 
-0.00954052 -0.00253147 -1.00427 0.131644 5.02291 1.31321 
-0.0095272 -0.00258286 -1.0107 0.0692855 5.01591 1.33995 
-0.00951362 -0.00263416 -1.01323 0.00664618 5.00877 1.36666 
-0.00949979 -0.0026854 -1.01183 -0.0560293 5.00149 1.39333 
-0.00948571 -0.00273656 -1.00653 -0.118497 4.99407 1.41997 
-0.00947137 -0.00278765 -0.997335 -0.180512 4.98651 1.44656 
-0.00945677 -0.00283866 -0.984285 -0.241834 4.9788 1.47311 
-0.00944193 -0.0028896 -0.967432 -0.302224 4.97096 1.49962 
-0.00942682 -0.00294046 -0.946839 -0.361445 4.96298 1.52609 
-0.00941147 -0.00299124 -0.922587 -0.419267 4.95486 1.55251 
-0.00939585 -0.00304195 -0.894771 -0.475463 4.9466 1.57889 
-0.00937999 -0.00309257 -0.863497 -0.529816 4.9382 1.60523 
-0.00936387 -0.00314312 -0.828889 -0.582111 4.92966 1.63152 
-0.0093475 -0.00319359 -0.791079 -0.632145 4.92099 1.65777 
-0.00933088 -0.00324397 -0.750215 -0.679722 4.91217 1.68396 
-0.009314 -0.00329428 -0.706456 -0.724655 4.90322 1.71012 
-0.00929687 -0.0033445 -0.659972 -0.76677 4.89413 1.73622 
-0.00927948 -0.00339463 -0.610945 -0.805899 4.8849 1.76228 
-0.00926184 -0.00344469 -0.559564 -0.841891 4.87554 1.78828 
-0.00924395 -0.00349465 -0.506031 -0.874602 4.86604 1.81424 
-0.0092258 -0.00354453 -0.450554 -0.903906 4.8564 1.84014 
-0.0092074 -0.00359433 -0.393349 -0.929685 4.84662 1.86599 
-0.00918875 -0.00364403 -0.334641 -0.951839 4.83671 1.8918 
-0.00916984 -0.00369365 -0.274657 -0.970279 4.82667 1.91754 
-0.00915068 -0.00374317 -0.213633 -0.984932 4.81648 1.94324 
-0.00913126 -0.0037926 -0.151808 -0.995739 4.80617 1.96888 
-0.00911159 -0.00384194 -0.0894233 -1.00266 4.79572 1.99446 
-0.00909167 -0.00389118 -0.0267233 -1.00566 4.78513 2.01999 
-0.00907149 -0.00394033 0.0360459 -1.00473 4.77441 2.04546 
-0.00905105 -0.00398938 0.0986384 -0.999876 4.76356 2.07087 
-0.00903036 -0.00403833 0.160808 -0.99111 4.75257 2.09623 
-0.00900941 -0.00408718 0.222311 -0.978468 4.74145 2.12152 
-0.00898821 -0.00413593 0.282906 -0.961998 4.73019 2.14676 
-0.00896675 -0.00418458 0.342353 -0.941763 4.7188 2.17194 
-0.00894504 -0.00423312 0.40042 -0.917843 4.70728 2.19705 
-0.00892307 -0.00428156 0.456877 -0.89033 4.69563 2.22211 
-0.00890085 -0.00432989 0.511503 -0.859331 4.68385 2.2471 
-0.00887837 -0.0043781 0.56408 -0.824968 4.67193 2.27203 
-0.00885563 -0.00442621 0.614403 -0.787375 4.65989 2.2969 
-0.00883264 -0.0044742 0.662272 -0.7467 4.64771 2.3217 
-0.00880939 -0.00452208 0.707499 -0.703101 4.63541 2.34643 
-0.00878589 -0.00456985 0.749904 -0.65675 4.62297 2.3711 
-0.00876213 -0.00461749 0.78932 -0.60783 4.6104 2.39571 
-0.00873812 -0.00466501 0.825591 -0.556532 4.59771 2.42024 
-0.00871385 -0.00471241 0.858573 -0.503058 4.58488 2.44471 
-0.00868933 -0.00475969 0.888137 -0.447619 4.57193 2.46911 
-0.00866455 -0.00480684 0.914164 -0.390434 4.55885 2.49344 
-0.00863952 -0.00485386 0.936552 -0.331728 4.54564 2.5177 
-0.00861424 -0.00490075 0.955213 -0.271733 4.5323 2.54189 
-0.00858871 -0.00494751 0.970071 -0.210684 4.51884 2.56601 
-0.00856292 -0.00499414 0.981069 -0.148824 4.50525 2.59006 
-0.00853688 -0.00504063 0.988163 -0.0863963 4.49153 2.61404 
-0.00851059 -0.00508698 0.991325 -0.0236471 4.47769 2.63794 
-0.00848405 -0.00513319 0.990542 0.0391755 4.46372 2.66177 
-0.00845726 -0.00517926 0.985817 0.101823 4.44963 2.68552 
-0.00843022 -0.00522518 0.97717 0.16405 4.43541 2.7092 
-0.00840293 -0.00527096 0.964635 0.225608 4.42107 2.7328 
-0.0083754 -0.00531659 0.948262 0.286256 4.40661 2.75632 
-0.00834762 -0.00536207 0.928115 0.345754 4.39202 2.77977 
-0.0083196 -0.0054074 0.904275 0.403867 4.37731 2.80314 
-0.00829133 -0.00545257 0.876836 0.460367 4.36247 2.82643 
-0.00826282 -0.00549759 0.845907 0.51503 4.34752 2.84965 
-0.00823407 -0.00554245 0.811611 0.567641 4.33244 2.87278 
-0.00820508 -0.00558715 0.774084 0.617993 4.31724 2.89583 
-0.00817585 -0.00563169 0.733475 0.665888 4.30192 2.9188 
-0.00814639 -0.00567606 0.689944 0.711137 4.28648 2.94169 
-0.00811668 -0.00572028 0.643663 0.753563 4.27092 2.9645 
-0.00808674 -0.00576432 0.594817 0.793 4.25524 2.98723 
-0.00805657 -0.0058082 0.543597 0.829292 4.23944 3.00987 
-0.00802617 -0.0058519 0.490206 0.862298 4.22353 3.03242 
-0.00799554 -0.00589544 0.434856 0.891888 4.20749 3.0549 
-0.00796467 -0.0059388 0.377764 0.917948 4.19134 3.07728 
-0.00793358 -0.00598199 0.319155 0.940375 4.17507 3.09958 
-0.00790227 -0.006025 0.259262 0.959082 4.15868 3.1218 
-0.00787073 -0.00606784 0.198319 0.973998 4.14218 3.14392 
-0.00783897 -0.00611049 0.136566 0.985065 4.12556 3.16596 
-0.00780698 -0.00615297 0.0742471 0.99224 4.10882 3.18791 
-0.00777478 -0.00619526 0.0116061 0.995496 4.09197 3.20977 
-0.00774236 -0.00623738 -0.0511106 0.994823 4.07501 3.23155 
-0.00770973 -0.00627931 -0.113657 0.990223 4.05793 3.25323 
-0.00767688 -0.00632105 -0.175788 0.981717 4.04074 3.27482 
-0.00764382 -0.00636261 -0.237259 0.969338 4.02344 3.29631 
-0.00761054 -0.00640399 -0.297831 0.953136 4.00602 3.31772 
-0.00757706 -0.00644517 -0.357265 0.933177 3.98849 3.33903 
-0.00754337 -0.00648617 -0.415331 0.909539 3.97085 3.36026 
-0.00750947 -0.00652698 -0.4718 0.882315 3.9531 3.38138 
-0.00747537 -0.0065676 -0.526452 0.851614 3.93524 3.40241 
-0.00744107 -0.00660802 -0.579073 0.817556 3.91727 3.42335 
-0.00740657 -0.00664826 -0.62946 0.780276 3.89919 3.44419 
-0.00737186 -0.0066883 -0.677414 0.739919 3.881 3.46494 
-0.00733696 -0.00672816 -0.722749 0.696644 3.8627 3.48559 
-0.00730186 -0.00676782 -0.765289 0.650622 3.84429 3.50614 
-0.00726657 -0.00680728 -0.804868 0.602031 3.82578 3.52659 
-0.00723108 -0.00684655 -0.841331 0.551063 3.80716 3.54695 
-0.0071954 -0.00688563 -0.874537 0.497916 3.78843 3.5672 
-0.00715953 -0.00692451 -0.904357 0.442799 3.7696 3.58736 
-0.00712347 -0.0069632 -0.930674 0.385926 3.75067 3.60741 
-0.00708723 -0.00700169 -0.953387 0.32752 3.73162 3.62737 
-0.00705079 -0.00703998 -0.972407 0.267809 3.71248 3.64722 
-0.00701417 -0.00707808 -0.98766 0.207026 3.69323 3.66698 
-0.00697737 -0.00711598 -0.999086 0.145407 3.67388 3.68663 
-0.00694038 -0.00715368 -1.00664 0.0831934 3.65442 3.70617 
-0.00690322 -0.00719119 -1.0103 0.0206274 3.63487 3.72562 
-0.00686587 -0.0072285 -1.01004 -0.042047 3.61521 3.74496 
-0.00682834 -0.00726561 -1.00586 -0.104585 3.59545 3.7642 
-0.00679063 -0.00730252 -0.997793 -0.166744 3.57559 3.78333 
-0.00675274 -0.00733923 -0.985855 -0.22828 3.55563 3.80235 
-0.00671468 -0.00737575 -0.970096 -0.288955 3.53558 3.82127 
-0.00667644 -0.00741206 -0.950578 -0.34853 3.51542 3.84008 
-0.00663803 -0.00744818 -0.927376 -0.406773 3.49516 3.85879 
-0.00659944 -0.0074841 -0.900579 -0.463458 3.47481 3.87739 
-0.00656068 -0.00751981 -0.870292 -0.518363 3.45436 3.89588 
-0.00652175 -0.00755533 -0.836633 -0.571273 3.43382 3.91426 
-0.00648264 -0.00759065 -0.799732 -0.621981 3.41318 3.93253 
-0.00644337 -0.00762576 -0.759731 -0.670288 3.39245 3.9507 
-0.00640392 -0.00766067 -0.716788 -0.716007 3.37162 3.96875 
-0.0063643 -0.00769539 -0.671067 -0.758957 3.35069 3.98669 
-0.00632451 -0.0077299 -0.622749 -0.79897 3.32967 4.00453 
-0.00628456 -0.00776421 -0.57202 -0.835889 3.30857 4.02225 
-0.00624443 -0.00779831 -0.519078 -0.869569 3.28736 4.03986 
-0.00620414 -0.00783221 -0.464129 -0.899877 3.26607 4.05735 
-0.00616368 -0.00786591 -0.407388 -0.926694 3.24469 4.07474 
-0.00612306 -0.0078994 -0.349077 -0.949913 3.22321 4.09201 
-0.00608226 -0.00793269 -0.289422 -0.969443 3.20165 4.10916 
-0.00604131 -0.00796577 -0.228656 -0.985206 3.18 4.1262 
-0.00600018 -0.00799865 -0.167019 -0.997139 3.15825 4.14313 
-0.00595889 -0.00803132 -0.10475 -1.00519 3.13643 4.15994 
-0.00591744 -0.00806377 -0.0420935 -1.00934 3.11451 4.17664 
-0.00587582 -0.00809603 0.0207049 -1.00955 3.09251 4.19322 
-0.00583404 -0.00812807 0.0833991 -1.00584 3.07042 4.20968 
-0.0057921 -0.0081599 0.145743 -0.99821 3.04824 4.22603 
-0.00574999 -0.00819152 0.207492 -0.986691 3.02598 4.24226 
-0.00570772 -0.00822292 0.268404 -0.971328 3.00364 4.25837 
-0.00566529 -0.00825412 0.328238 -0.95218 2.98121 4.27436 
-0.0056227 -0.0082851 0.38676 -0.929321 2.9587 4.29023 
-0.00557995 -0.00831586 0.443738 -0.90284 2.93611 4.30599 
-0.00553703 -0.00834641 0.49895 -0.872841 2.91344 4.32162 
-0.00549396 -0.00837673 0.552177 -0.839439 2.89069 4.33714 
-0.00545073 -0.00840684 0.603209 -0.802767 2.86785 4.35253 
-0.00540734 -0.00843673 0.651844 -0.762967 2.84494 4.36781 
-0.00536379 -0.0084664 0.697892 -0.720195 2.82194 4.38296 
-0.00532008 -0.00849585 0.741169 -0.674619 2.79887 4.39799 
-0.00527622 -0.00852507 0.781505 -0.626419 2.77572 4.4129 
-0.0052322 -0.00855406 0.818741 -0.575783 2.7525 4.42769 
-0.00518803 -0.00858283 0.852729 -0.522912 2.7292 4.44235 
-0.0051437 -0.00861137 0.883335 -0.468012 2.70582 4.45689 
-0.00509922 -0.00863969 0.910437 -0.411301 2.68236 4.47131 
-0.00505459 -0.00866777 0.93393 -0.353002 2.65884 4.4856 
-0.00500981 -0.00869562 0.953718 -0.293344 2.63524 4.49977 
-0.00496488 -0.00872323 0.969725 -0.232563 2.61156 4.51381 
-0.00491979 -0.00875061 0.981887 -0.170899 2.58782 4.52773 
-0.00487456 -0.00877775 0.990156 -0.108595 2.564 4.54152 
-0.00482919 -0.00880466 0.994499 -0.0458962 2.54011 4.55519 
-0.00478367 -0.00883132 0.9949 0.0169488 2.51615 4.56873 
-0.004738 -0.00885775 0.991356 0.0796924 2.49212 4.58215 
-0.00469219 -0.00888393 0.983882 0.142087 2.46802 4.59543 
-0.00464624 -0.00890987 0.972509 0.203886 2.44385 4.60859 
-0.00460015 -0.00893556 0.95728 0.264846 2.41962 4.62163 
-0.00455392 -0.00896101 0.938258 0.324727 2.39532 4.63453 
-0.00450755 -0.00898621 0.915516 0.383291 2.37095 4.64731 
-0.00446104 -0.00901116 0.889147 0.440309 2.34651 4.65995 
-0.00441441 -0.00903586 0.859254 0.495556 2.32202 4.67247 
-0.00436764 -0.00906031 0.825956 0.548813 2.29745 4.68486 
-0.00432074 -0.00908451 0.789385 0.599872 2.27283 4.69712 
-0.00427371 -0.00910845 0.749686 0.648531 2.24814 4.70925 
-0.00422655 -0.00913213 0.707017 0.6946 2.22339 4.72125 
-0.00417927 -0.00915556 0.661546 0.737897 2.19857 4.73312 
-0.00413187 -0.00917873 0.613454 0.778252 2.1737 4.74485 
-0.00408434 -0.00920165 0.56293 0.815508 2.14876 4.75646 
-0.0040367 -0.0092243 0.510175 0.849518 2.12377 4.76793 
-0.00398893 -0.00924669 0.455396 0.880149 2.09872 4.77928 
-0.00394105 -0.00926883 0.398811 0.907282 2.07361 4.79049 
-0.00389306 -0.00929069 0.340642 0.930811 2.04844 4.80157 
-0.00384496 -0.0093123 0.281119 0.950646 2.02322 4.81251 
-0.00379674 -0.00933364 0.220476 0.966708 1.99794 4.82333 
-0.00374842 -0.00935472 0.158953 0.978937 1.9726 4.834 
-0.00369999 -0.00937553 0.0967903 0.987285 1.94721 4.84455 
-0.00365146 -0.00939608 0.0342336 0.991721 1.92177 4.85496 
-0.00360283 -0.00941635 -0.0284715 0.992229 1.89627 4.86524 
-0.0035541 -0.00943637 -0.091079 0.988808 1.87072 4.87538 
-0.00350527 -0.00945611 -0.153343 0.981473 1.84512 4.88539 
-0.00345635 -0.00947559 -0.21502 0.970255 1.81947 4.89527 
-0.00340733 -0.0094948 -0.275867 0.955197 1.79377 4.905 
-0.00335823 -0.00951374 -0.335647 0.936361 1.76802 4.91461 
-0.00330903 -0.00953241 -0.394126 0.913822 1.74222 4.92408 
-0.00325975 -0.00955081 -0.451074 0.887668 1.71637 4.93341 
-0.00321038 -0.00956894 -0.506271 0.858004 1.69047 4.9426 
-0.00316093 -0.00958681 -0.559499 0.824947 1.66453 4.95166 
-0.0031114 -0.0096044 -0.610551 0.788625 1.63854 4.96059 
-0.00306179 -0.00962173 -0.659228 0.749184 1.61251 4.96937 
-0.00301211 -0.00963878 -0.705341 0.706777 1.58643 4.97802 
-0.00296235 -0.00965557 -0.748709 0.661571 1.56031 4.98653 
-0.00291251 -0.00967209 -0.789163 0.613743 1.53415 4.99491 
-0.00286261 -0.00968833 -0.826547 0.56348 1.50794 5.00315 
-0.00281263 -0.00970432 -0.860714 0.51098 1.48169 5.01124 
-0.00276259 -0.00972003 -0.891532 0.456447 1.4554 5.01921 
-0.00271248 -0.00973547 -0.918881 0.400095 1.42907 5.02703 
-0.00266231 -0.00975065 -0.942654 0.342143 1.40271 5.03471 
-0.00261208 -0.00976555 -0.962758 0.282819 1.3763 5.04226 
-0.00256178 -0.00978019 -0.979117 0.222353 1.34985 5.04966 
-0.00251143 -0.00979457 -0.991665 0.160982 1.32337 5.05693 
-0.00246102 -0.00980868 -1.00035 0.0989449 1.29685 5.06406 
-0.00241055 -0.00982252 -1.00515 0.0364836 1.2703 5.07105 
-0.00236003 -0.00983609 -1.00603 -0.026158 1.24371 5.0779 
-0.00230945 -0.0098494 -1.003 -0.0887358 1.21709 5.08461 
-0.00225883 -0.00986245 -0.996068 -0.151006 1.19043 5.09118 
-0.00220815 -0.00987523 -0.985256 -0.212725 1.16374 5.09761 
-0.00215742 -0.00988775 -0.970608 -0.273652 1.13702 5.1039 
-0.00210664 -0.0099 -0.952182 -0.33355 1.11026 5.11005 
-0.00205582 -0.00991199 -0.930048 -0.392184 1.08348 5.11606 
-0.00200495 -0.00992372 -0.904291 -0.449327 1.05667 5.12192 
-0.00195404 -0.00993518 -0.875013 -0.504754 1.02982 5.12765 
-0.00190309 -0.00994639 -0.842326 -0.558249 1.00295 5.13324 
-0.00185209 -0.00995733 -0.806357 -0.609603 0.976056 5.13868 
-0.00180105 -0.00996801 -0.767246 -0.658614 0.949131 5.14399 
-0.00174997 -0.00997843 -0.725145 -0.705091 0.92218 5.14915 
-0.00169885 -0.00998859 -0.680216 -0.748852 0.895203 5.15417 
-0.00164769 -0.00999849 -0.632636 -0.789724 0.868202 5.15905 
-0.00159649 -0.0100081 -0.582588 -0.827548 0.841177 5.16379 
-0.00154525 -0.0100175 -0.530268 -0.862174 0.814129 5.16839 
-0.00149398 -0.0100266 -0.47588 -0.893467 0.787059 5.17284 
-0.00144268 -0.0100355 -0.419635 -0.921301 0.759967 5.17715 
-0.00139134 -0.0100441 -0.361753 -0.945569 0.732854 5.18132 
-0.00133996 -0.0100524 -0.30246 -0.966173 0.705722 5.18535 
-0.00128856 -0.0100605 -0.241987 -0.983031 0.678569 5.18924 
-0.00123712 -0.0100683 -0.180572 -0.996076 0.651398 5.19298 
-0.00118564 -0.0100759 -0.118453 -1.00526 0.62421 5.19658 
-0.00113414 -0.0100832 -0.0558741 -1.01053 0.597004 5.20004 
-0.00108261 -0.0100903 0.00691934 -1.01189 0.569782 5.20336 
-0.00103104 -0.010097 0.0696814 -1.00931 0.542544 5.20653 
-0.00097945 -0.0101036 0.132166 -1.00281 0.515291 5.20956 
-0.000927829 -0.0101098 0.194127 -0.992406 0.488025 5.21245 
-0.00087618 -0.0101158 0.255323 -0.978147 0.460744 5.2152 
-0.000824504 -0.0101216 0.315511 -0.960084 0.433452 5.2178 
-0.000772802 -0.0101271 0.374456 -0.938287 0.406147 5.22026 
-0.000721075 -0.0101323 0.431926 -0.91284 0.378831 5.22257 
-0.000669322 -0.0101373 0.487694 -0.883841 0.351505 5.22475 
-0.000617546 -0.010142 0.54154 -0.851405 0.324169 5.22678 
-0.000565746 -0.0101464 0.593252 -0.815657 0.296824 5.22867 
-0.000513924 -0.0101506 0.642626 -0.776738 0.269472 5.23041 
-0.00046208 -0.0101545 0.689468 -0.7348 0.242112 5.23201 
-0.000410216 -0.0101582 0.733592 -0.690006 0.214745 5.23347 
-0.000358331 -0.0101616 0.774823 -0.642535 0.187372 5.23478 
-0.000306428 -0.0101647 0.813 -0.59257 0.159994 5.23595 
-0.000254507 -0.0101675 0.847971 -0.54031 0.132612 5.23698 
-0.000202569 -0.0101701 0.879598 -0.48596 0.105226 5.23787 
-0.000150615 -0.0101725 0.907755 -0.429733 0.0778377 5.23861 
-9.8646e-05 -0.0101745 0.932332 -0.371851 0.0504469 5.23921 
-4.66636e-05 -0.0101763 0.953231 -0.312543 0.0230547 5.23966 
5.33131e-06 -0.0101778 0.97037 -0.252041 -0.00433811 5.23998 
5.73375e-05 -0.0101791 0.98368 -0.190586 -0.0317308 5.24014 
0.000109354 -0.0101801 0.99311 -0.128418 -0.0591226 5.24017 
0.000161378 -0.0101808 0.998621 -0.0657831 -0.0865128 5.24005 
0.000213411 -0.0101812 1.00019 -0.00292884 -0.113901 5.23979 
0.000265449 -0.0101814 0.99782 0.059897 -0.141285 5.23939 
0.000317491 -0.0101813 0.99151 0.122447 -0.168666 5.23884 
0.000369537 -0.0101809 0.98129 0.184473 -0.196043 5.23815 
0.000421584 -0.0101803 0.9672 0.245732 -0.223413 5.23732 
0.000473631 -0.0101794 0.949296 0.305982 -0.250778 5.23634 
0.000525676 -0.0101782 0.927649 0.364985 -0.278136 5.23523 
0.000577718 -0.0101767 0.902346 0.422509 -0.305487 5.23396 
0.000629754 -0.0101749 0.873487 0.478326 -0.332829 5.23256 
0.000681784 -0.0101729 0.841187 0.532219 -0.360162 5.23101 
0.000733804 -0.0101706 0.805573 0.583973 -0.387485 5.22932 
0.000785815 -0.010168 0.766787 0.633386 -0.414797 5.22749 
0.000837812 -0.0101652 0.724983 0.680263 -0.442099 5.22552 
0.000889796 -0.010162 0.680326 0.724422 -0.469388 5.2234 
0.000941763 -0.0101586 0.632993 0.765687 -0.496664 5.22114 
0.000993712 -0.0101549 0.583171 0.803898 -0.523927 5.21874 
0.00104564 -0.0101509 0.531058 0.838905 -0.551176 5.21619 
0.00109755 -0.0101467 0.476859 0.870572 -0.578409 5.21351 
0.00114943 -0.0101421 0.420788 0.898774 -0.605627 5.21068 
0.00120129 -0.0101373 0.363068 0.923402 -0.632829 5.20771 
0.00125311 -0.0101322 0.303924 0.944361 -0.660013 5.2046 
0.00130491 -0.0101268 0.243591 0.961569 -0.687179 5.20134 
0.00135667 -0.0101212 0.182305 0.974959 -0.714326 5.19795 
0.0014084 -0.0101152 0.12031 0.984482 -0.741454 5.19441 
0.00146009 -0.010109 0.0578467 0.9901 -0.768562 5.19073 
0.00151175 -0.0101025 -0.00483749 0.991794 -0.795649 5.18692 
0.00156336 -0.0100957 -0.0674969 0.989557 -0.822714 5.18296 
0.00161493 -0.0100887 -0.129886 0.9834 -0.849757 5.17885 
0.00166645 -0.0100813 -0.191759 0.973349 -0.876777 5.17461 
0.00171793 -0.0100737 -0.252874 0.959444 -0.903773 5.17023 
0.00176935 -0.0100658 -0.312992 0.941741 -0.930744 5.1657 
0.00182073 -0.0100576 -0.371877 0.920312 -0.95769 5.16104 
0.00187205 -0.0100492 -0.4293 0.89524 -0.98461 5.15624 
0.00192331 -0.0100404 -0.485035 0.866626 -1.0115 5.15129 
0.00197452 -0.0100314 -0.538865 0.834583 -1.03837 5.14621 
0.00202566 -0.0100222 -0.590579 0.799236 -1.06521 5.14098 
0.00207675 -0.0100126 -0.639977 0.760725 -1.09202 5.13562 
0.00212777 -0.0100028 -0.686865 0.719203 -1.11879 5.13012 
0.00217872 -0.00999266 -0.73106 0.674831 -1.14554 5.12447 
0.00222961 -0.00998228 -0.772391 0.627783 -1.17226 5.11869 
0.00228043 -0.00997163 -0.810697 0.578245 -1.19895 5.11277 
0.00233118 -0.00996071 -0.845827 0.526411 -1.2256 5.10671 
0.00238185 -0.00994952 -0.877647 0.472483 -1.25222 5.10051 
0.00243245 -0.00993806 -0.906031 0.416671 -1.2788 5.09417 
0.00248297 -0.00992634 -0.930869 0.359196 -1.30536 5.0877 
0.00253341 -0.00991435 -0.952065 0.30028 -1.33187 5.08109 
0.00258378 -0.00990209 -0.969537 0.240154 -1.35835 5.07434 
0.00263406 -0.00988957 -0.983216 0.179052 -1.38479 5.06745 
0.00268426 -0.00987678 -0.993049 0.117214 -1.4112 5.06042 
0.00273437 -0.00986373 -0.998997 0.0548806 -1.43757 5.05326 
0.0027844 -0.00985043 -1.00104 -0.00770516 -1.46389 5.04596 
0.00283434 -0.00983686 -0.999164 -0.070299 -1.49018 5.03852 
0.0028842 -0.00982303 -0.99338 -0.132657 -1.51643 5.03095 
0.00293396 -0.00980895 -0.983711 -0.194535 -1.54264 5.02324 
0.00298363 -0.0097946 -0.970192 -0.255692 -1.5688 5.01539 
0.00303322 -0.00978001 -0.952877 -0.31589 -1.59492 5.00741 
0.0030827 -0.00976516 -0.931831 -0.374893 -1.621 4.99929 
0.0031321 -0.00975005 -0.907137 -0.432471 -1.64704 4.99104 
0.00318139 -0.0097347 -0.878891 -0.488399 -1.67303 4.98265 
0.0032306 -0.00971909 -0.847201 -0.542458 -1.69898 4.97413 
0.0032797 -0.00970323 -0.812191 -0.594436 -1.72488 4.96547 
0.0033287 -0.00968713 -0.773996 -0.644131 -1.75073 4.95668 
0.00337761 -0.00967078 -0.732765 -0.691348 -1.77653 4.94775 
0.00342642 -0.00965418 -0.688658 -0.735901 -1.80229 4.93869 
0.00347512 -0.00963734 -0.641846 -0.777615 -1.828 4.9295 
0.00352373 -0.00962025 -0.592512 -0.816328 -1.85366 4.92017 
0.00357223 -0.00960292 -0.540847 -0.851885 -1.87927 4.91071 
0.00362063 -0.00958534 -0.487053 -0.884148 -1.90483 4.90112 
0.00366893 -0.00956753 -0.431339 -0.912988 -1.93033 4.89139 
0.00371712 -0.00954947 -0.373922 -0.938293 -1.95579 4.88153 
0.0037652 -0.00953117 -0.315027 -0.959961 -1.98119 4.87154 
0.00381318 -0.00951264 -0.254883 -0.977906 -2.00654 4.86142 
0.00386106 -0.00949387 -0.193726 -0.992057 -2.03183 4.85117 
0.00390883 -0.00947485 -0.131794 -1.00236 -2.05707 4.84078 
0.00395649 -0.00945561 -0.0693309 -1.00876 -2.08225 4.83027 
0.00400404 -0.00943612 -0.00658001 -1.01125 -2.10738 4.81962 
0.00405149 -0.0094164 0.0562123 -1.00981 -2.13245 4.80885 
0.00409882 -0.00939645 0.1188 -1.00444 -2.15746 4.79794 
0.00414605 -0.00937626 0.180937 -0.995157 -2.18242 4.78691 
0.00419317 -0.00935584 0.242379 -0.982007 -2.20731 4.77574 
0.00424017 -0.00933518 0.302886 -0.965035 -2.23215 4.76445 
0.00428707 -0.00931429 0.362219 -0.944306 -2.25692 4.75303 
0.00433385 -0.00929317 0.420144 -0.9199 -2.28164 4.74148 
0.00438052 -0.00927181 0.476433 -0.891913 -2.30629 4.7298 
0.00442708 -0.00925023 0.530865 -0.860452 -2.33088 4.71799 
0.00447353 -0.00922841 0.583225 -0.825642 -2.35541 4.70606 
0.00451986 -0.00920636 0.633307 -0.787617 -2.37987 4.694 
0.00456608 -0.00918408 0.680912 -0.746526 -2.40427 4.68182 
0.00461218 -0.00916156 0.725853 -0.702531 -2.42861 4.6695 
0.00465817 -0.00913882 0.767952 -0.655804 -2.45288 4.65706 
0.00470404 -0.00911585 0.807043 -0.606528 -2.47708 4.6445 
0.00474979 -0.00909264 0.842971 -0.554897 -2.50122 4.63181 
0.00479542 -0.0090692 0.875594 -0.501114 -2.52529 4.619 
0.00484094 -0.00904554 0.904783 -0.445391 -2.54929 4.60606 
0.00488633 -0.00902164 0.930423 -0.387946 -2.57322 4.59299 
0.00493161 -0.00899751 0.952411 -0.329006 -2.59709 4.57981 
0.00497676 -0.00897315 0.970662 -0.268804 -2.62088 4.5665 
0.00502179 -0.00894856 0.985103 -0.207577 -2.6446 4.55306 
0.0050667 -0.00892374 0.995676 -0.145566 -2.66826 4.53951 
0.00511148 -0.00889869 1.00234 -0.0830155 -2.69184 4.52583 
0.00515614 -0.00887341 1.00507 -0.0201724 -2.71534 4.51203 
0.00520067 -0.0088479 1.00385 0.0427155 -2.73878 4.49811 
0.00524507 -0.00882216 0.998698 0.1054 -2.76214 4.48407 
0.00528934 -0.00879618 0.989621 0.167634 -2.78542 4.4699 
0.00533348 -0.00876998 0.97666 0.229172 -2.80864 4.45562 
0.00537749 -0.00874354 0.959867 0.289772 -2.83177 4.44122 
0.00542136 -0.00871688 0.939309 0.349194 -2.85483 4.42669 
0.0054651 -0.00868998 0.915067 0.407205 -2.87781 4.41205 
0.0055087 -0.00866286 0.887237 0.463576 -2.90072 4.39729 
0.00555217 -0.0086355 0.855931 0.518085 -2.92355 4.38241 
0.0055955 -0.00860791 0.821273 0.570517 -2.94629 4.36742 
0.00563868 -0.0085801 0.783399 0.620667 -2.96896 4.3523 
0.00568172 -0.00855205 0.74246 0.668338 -2.99155 4.33707 
0.00572462 -0.00852377 0.698618 0.713342 -3.01406 4.32172 
0.00576738 -0.00849527 0.652047 0.755504 -3.03649 4.30626 
0.00580998 -0.00846653 0.602931 0.794657 -3.05884 4.29068 
0.00585244 -0.00843757 0.551464 0.830649 -3.0811 4.27498 
0.00589475 -0.00840838 0.49785 0.863339 -3.10328 4.25917 
0.0059369 -0.00837896 0.4423 0.8926 -3.12538 4.24325 
0.0059789 -0.00834932 0.385034 0.918317 -3.1474 4.22721 
0.00602074 -0.00831944 0.326277 0.940392 -3.16933 4.21106 
0.00606243 -0.00828935 0.266261 0.958738 -3.19117 4.1948 
0.00610395 -0.00825902 0.205223 0.973284 -3.21293 4.17842 
0.00614532 -0.00822847 0.143402 0.983977 -3.2346 4.16193 
0.00618652 -0.0081977 0.0810424 0.990773 -3.25619 4.14533 
0.00622755 -0.0081667 0.0183886 0.993649 -3.27769 4.12861 
0.00626842 -0.00813549 -0.0443132 0.992595 -3.2991 4.11179 
0.00630912 -0.00810405 -0.106817 0.987616 -3.32042 4.09486 
0.00634965 -0.00807239 -0.168877 0.978734 -3.34165 4.07781 
0.00639 -0.00804051 -0.230251 0.965984 -3.3628 4.06066 
0.00643019 -0.00800841 -0.290699 0.949419 -3.38385 4.0434 
0.00647019 -0.00797609 -0.349982 0.929103 -3.40481 4.02603 
0.00651002 -0.00794356 -0.407871 0.90512 -3.42568 4.00855 
0.00654967 -0.00791082 -0.464138 0.877562 -3.44646 3.99096 
0.00658914 -0.00787786 -0.518563 0.846541 -3.46715 3.97327 
0.00662842 -0.00784468 -0.570935 0.812177 -3.48774 3.95547 
0.00666752 -0.0078113 -0.621048 0.774608 -3.50824 3.93757 
0.00670644 -0.00777771 -0.668708 0.733979 -3.52865 3.91955 
0.00674517 -0.0077439 -0.713728 0.690453 -3.54896 3.90144 
0.0067837 -0.0077099 -0.755933 0.644198 -3.56918 3.88322 
0.00682205 -0.00767568 -0.79516 0.595397 -3.5893 3.86489 
0.00686021 -0.00764126 -0.831255 0.544242 -3.60932 3.84646 
0.00689817 -0.00760664 -0.864077 0.490932 -3.62925 3.82793 
0.00693593 -0.00757182 -0.8935 0.435675 -3.64908 3.8093 
0.00697351 -0.0075368 -0.919408 0.37869 -3.66881 3.79056 
0.00701088 -0.00750159 -0.941701 0.320197 -3.68845 3.77173 
0.00704805 -0.00746617 -0.960293 0.260425 -3.70799 3.75279 
0.00708503 -0.00743057 -0.97511 0.199609 -3.72742 3.73375 
0.0071218 -0.00739477 -0.986096 0.137985 -3.74676 3.71461 
0.00715837 -0.00735878 -0.993207 0.0757949 -3.766 3.69537 
0.00719474 -0.0073226 -0.996417 0.0132803 -3.78513 3.67603 
0.0072309 -0.00728623 -0.995711 -0.0493144 -3.80417 3.6566 
0.00726686 -0.00724968 -0.991094 -0.111745 -3.8231 3.63706 
0.00730261 -0.00721295 -0.982582 -0.173767 -3.84193 3.61743 
0.00733816 -0.00717603 -0.970209 -0.23514 -3.86066 3.5977 
0.0073735 -0.00713893 -0.954022 -0.295623 -3.87928 3.57788 
0.00740863 -0.00710165 -0.934085 -0.35498 -3.8978 3.55796 
0.00744355 -0.0070642 -0.910473 -0.412979 -3.91622 3.53795 
0.00747826 -0.00702657 -0.88328 -0.469394 -3.93453 3.51784 
0.00751276 -0.00698877 -0.85261 -0.524004 -3.95274 3.49763 
0.00754705 -0.0069508 -0.818582 -0.576596 -3.97084 3.47734 
0.00758112 -0.00691266 -0.781328 -0.626962 -3.98883 3.45695 
0.00761499 -0.00687435 -0.740994 -0.674907 -4.00672 3.43646 
0.00764864 -0.00683587 -0.697735 -0.720242 -4.0245 3.41589 
0.00768209 -0.00679723 -0.65172 -0.762789 -4.04217 3.39522 
0.00771531 -0.00675842 -0.603128 -0.802381 -4.05974 3.37447 
0.00774833 -0.00671945 -0.552148 -0.838863 -4.0772 3.35362 
0.00778113 -0.00668032 -0.498979 -0.87209 -4.09454 3.33268 
0.00781372 -0.00664103 -0.443827 -0.901931 -4.11178 3.31166 
0.00784609 -0.00660159 -0.386908 -0.928268 -4.12891 3.29054 
0.00787825 -0.00656199 -0.328444 -0.950998 -4.14593 3.26934 
0.00791019 -0.00652223 -0.268663 -0.970028 -4.16284 3.24805 
0.00794192 -0.00648232 -0.207799 -0.985285 -4.17963 3.22668 
0.00797344 -0.00644226 -0.14609 -0.996706 -4.19632 3.20521 
0.00800474 -0.00640204 -0.0837766 -1.00424 -4.21289 3.18367 
0.00803583 -0.00636168 -0.0211037 -1.00787 -4.22935 3.16203 
0.0080667 -0.00632117 0.0416833 -1.00757 -4.2457 3.14032 
0.00809736 -0.00628051 0.104338 -1.00333 -4.26193 3.11852 
0.0081278 -0.0062397 0.166615 -0.995186 -4.27805 3.09663 
0.00815802 -0.00619875 0.22827 -0.983154 -4.29406 3.07467 
0.00818804 -0.00615766 0.289059 -0.967285 -4.30995 3.05262 
0.00821783 -0.00611642 0.348744 -0.947638 -4.32573 3.03049 
0.00824741 -0.00607503 0.407091 -0.924289 -4.34139 3.00827 
0.00827678 -0.00603351 0.463869 -0.897329 -4.35693 2.98598 
0.00830593 -0.00599185 0.518854 -0.866863 -4.37236 2.96361 
0.00833486 -0.00595004 0.57183 -0.833009 -4.38767 2.94116 
0.00836358 -0.0059081 0.622588 -0.795898 -4.40287 2.91863 
0.00839208 -0.00586602 0.670926 -0.755677 -4.41794 2.89603 
0.00842037 -0.0058238 0.716656 -0.712503 -4.4329 2.87334 
0.00844844 -0.00578144 0.759594 -0.666544 -4.44775 2.85058 
0.00847629 -0.00573895 0.799572 -0.617981 -4.46247 2.82775 
0.00850393 -0.00569632 0.836432 -0.567005 -4.47707 2.80483 
0.00853135 -0.00565355 0.870028 -0.513816 -4.49156 2.78185 
0.00855855 -0.00561065 0.900226 -0.458623 -4.50592 2.75879 
0.00858554 -0.00556761 0.926907 -0.401643 -4.52017 2.73565 
0.0086123 -0.00552445 0.949966 -0.343101 -4.53429 2.71244 
0.00863885 -0.00548114 0.969311 -0.283226 -4.5483 2.68916 
0.00866518 -0.00543771 0.984866 -0.222256 -4.56218 2.66581 
0.00869129 -0.00539414 0.996568 -0.160431 -4.57594 2.64239 
0.00871718 -0.00535044 1.00437 -0.0979929 -4.58958 2.6189 
0.00874285 -0.00530661 1.00825 -0.0351896 -4.60309 2.59533 
0.0087683 -0.00526265 1.00818 0.0277317 -4.61649 2.5717 
0.00879353 -0.00521856 1.00416 0.0905229 -4.62976 2.548 
0.00881853 -0.00517433 0.996221 0.152936 -4.64291 2.52423 
0.00884331 -0.00512998 0.984383 0.214726 -4.65593 2.5004 
0.00886787 -0.0050855 0.968695 0.275648 -4.66883 2.4765 
0.0088922 -0.00504089 0.949221 0.335463 -4.6816 2.45253 
0.00891631 -0.00499615 0.926037 0.393935 -4.69425 2.4285 
0.00894018 -0.00495128 0.899235 0.450833 -4.70678 2.4044 
0.00896384 -0.00490629 0.868922 0.505934 -4.71918 2.38024 
0.00898726 -0.00486117 0.835219 0.559021 -4.73146 2.35601 
0.00901045 -0.00481593 0.798258 0.609885 -4.7436 2.33172 
0.00903342 -0.00477056 0.758187 0.658326 -4.75563 2.30737 
0.00905615 -0.00472506 0.715163 0.704155 -4.76752 2.28296 
0.00907865 -0.00467944 0.669358 0.747192 -4.77929 2.25849 
0.00910091 -0.0046337 0.620952 0.787268 -4.79093 2.23395 
0.00912294 -0.00458783 0.570137 0.824225 -4.80245 2.20936 
0.00914473 -0.00454185 0.517114 0.857921 -4.81383 2.18471 
0.00916629 -0.00449574 0.462091 0.888224 -4.82509 2.16 
0.00918761 -0.00444951 0.405287 0.915015 -4.83622 2.13524 
0.00920868 -0.00440317 0.346926 0.938191 -4.84722 2.11041 
0.00922952 -0.00435671 0.287236 0.957662 -4.85809 2.08553 
0.00925011 -0.00431013 0.226454 0.973353 -4.86884 2.0606 
0.00927046 -0.00426343 0.164818 0.985203 -4.87945 2.03561 
0.00929057 -0.00421662 0.102572 0.993169 -4.88993 2.01056 
0.00931043 -0.0041697 0.0399587 0.997219 -4.90029 1.98547 
0.00933004 -0.00412266 -0.022775 0.99734 -4.91051 1.96031 
0.0093494 -0.00407551 -0.085383 0.993534 -4.9206 1.93511 
0.00936852 -0.00402826 -0.14762 0.985815 -4.93057 1.90986 
0.00938738 -0.00398089 -0.209242 0.974217 -4.9404 1.88455 
0.00940599 -0.00393342 -0.270007 0.958786 -4.95009 1.8592 
0.00942435 -0.00388585 -0.329679 0.939585 -4.95966 1.83379 
0.00944245 -0.00383817 -0.388023 0.916689 -4.9691 1.80834 
0.0094603 -0.00379038 -0.444812 0.89019 -4.9784 1.78284 
0.00947789 -0.0037425 -0.499823 0.860193 -4.98757 1.75729 
0.00949522 -0.00369452 -0.552843 0.826817 -4.99661 1.73169 
0.00951229 -0.00364644 -0.603663 0.790192 -5.00552 1.70605 
0.00952911 -0.00359826 -0.652087 0.750465 -5.01429 1.68037 
0.00954566 -0.00355 -0.697926 0.70779 -5.02293 1.65463 
0.00956195 -0.00350164 -0.741 0.662336 -5.03143 1.62886 
0.00957797 -0.00345319 -0.781143 0.61428 -5.03981 1.60304 
0.00959374 -0.00340465 -0.818198 0.563812 -5.04804 1.57718 
0.00960924 -0.00335602 -0.852021 0.51113 -5.05615 1.55128 
0.00962447 -0.00330731 -0.88248 0.456439 -5.06412 1.52533 
0.00963944 -0.00325852 -0.909458 0.399953 -5.07195 1.49935 
0.00965414 -0.00320965 -0.932849 0.341894 -5.07965 1.47332 
0.00966857 -0.0031607 -0.952562 0.282488 -5.08722 1.44726 
0.00968273 -0.00311167 -0.968521 0.221968 -5.09465 1.42115 
0.00969663 -0.00306257 -0.980665 0.16057 -5.10194 1.39501 
0.00971026 -0.0030134 -0.988945 0.0985334 -5.1091 1.36884 
0.00972361 -0.00296415 -0.993329 0.036101 -5.11612 1.34262 
0.0097367 -0.00291484 -0.993801 -0.0264838 -5.12301 1.31637 
0.00974952 -0.00286546 -0.990359 -0.0889765 -5.12976 1.29009 
0.00976206 -0.00281602 -0.983016 -0.151133 -5.13638 1.26377 
0.00977434 -0.00276651 -0.9718 -0.212711 -5.14286 1.23742 
0.00978634 -0.00271695 -0.956756 -0.27347 -5.1492 1.21103 
0.00979808 -0.00266733 -0.93794 -0.333172 -5.1554 1.18461 
0.00980954 -0.00261765 -0.915426 -0.391584 -5.16147 1.15816 
0.00982073 -0.00256791 -0.889302 -0.448479 -5.1674 1.13168 
0.00983165 -0.00251813 -0.859669 -0.503632 -5.17319 1.10517 
0.0098423 -0.00246829 -0.826642 -0.55683 -5.17885 1.07863 
0.00985267 -0.00241841 -0.79035 -0.607862 -5.18437 1.05207 
0.00986278 -0.00236848 -0.750932 -0.656531 -5.18975 1.02547 
0.00987261 -0.00231851 -0.708543 -0.702643 -5.19499 0.998848 
0.00988218 -0.0022685 -0.663348 -0.74602 -5.2001 0.972198 
0.00989147 -0.00221844 -0.615521 -0.786489 -5.20507 0.945523 
0.0099005 -0.00216835 -0.56525 -0.823893 -5.2099 0.918822 
0.00990925 -0.00211822 -0.512731 -0.858083 -5.21459 0.892097 
0.00991774 -0.00206805 -0.458167 -0.888925 -5.21914 0.865349 
0.00992595 -0.00201785 -0.401772 -0.916297 -5.22355 0.838577 
0.0099339 -0.00196762 -0.343767 -0.940091 -5.22783 0.811783 
0.00994158 -0.00191736 -0.284376 -0.960211 -5.23196 0.784967 
0.00994899 -0.00186707 -0.223833 -0.976578 -5.23596 0.758131 
0.00995614 -0.00181676 -0.162375 -0.989126 -5.23982 0.731274 
0.00996302 -0.00176642 -0.100241 -0.997804 -5.24354 0.704398 
0.00996963 -0.00171605 -0.0376754 -1.00258 -5.24712 0.677504 
0.00997598 -0.00166567 0.0250767 -1.00342 -5.25056 0.650591 
0.00998206 -0.00161526 0.0877694 -1.00034 -5.25386 0.623661 
0.00998788 -0.00156483 0.150157 -0.993338 -5.25702 0.596715 
0.00999344 -0.00151438 0.211993 -0.982441 -5.26004 0.569752 
0.00999873 -0.00146392 0.273036 -0.96769 -5.26292 0.542775 
0.0100038 -0.00141344 0.333045 -0.949143 -5.26567 0.515783 
0.0100085 -0.00136295 0.391784 -0.92687 -5.26827 0.488777 
0.010013 -0.00131244 0.449022 -0.900958 -5.27073 0.461758 
0.0100173 -0.00126192 0.504532 -0.871508 -5.27305 0.434727 
0.0100213 -0.00121139 0.558097 -0.838633 -5.27524 0.407685 
0.010025 -0.00116084 0.609504 -0.802463 -5.27728 0.380632 
0.0100285 -0.00111029 0.658551 -0.763137 -5.27918 0.353568 
0.0100317 -0.00105973 0.705044 -0.720811 -5.28094 0.326495 
0.0100346 -0.00100916 0.748799 -0.675649 -5.28257 0.299414 
0.0100373 -0.000958582 0.789642 -0.627829 -5.28405 0.272325 
0.0100398 -0.000907999 0.827413 -0.577538 -5.28539 0.245228 
0.0100419 -0.00085741 0.861961 -0.524974 -5.28659 0.218125 
0.0100439 -0.000806817 0.89315 -0.470343 -5.28765 0.191016 
0.0100455 -0.000756219 0.920856 -0.413861 -5.28858 0.163902 
0.0100469 -0.000705618 0.944969 -0.355749 -5.28936 0.136783 
0.0100481 -0.000655014 0.965394 -0.296237 -5.29 0.109661 
0.010049 -0.000604408 0.98205 -0.235559 -5.2905 0.0825359 
0.0100496 -0.000553801 0.99487 -0.173953 -5.29086 0.0554087 
0.01005 -0.000503193 1.0038 -0.111663 -5.29107 0.02828 
0.0100502 -0.000452585 1.00882 -0.0489346 -5.29115 0.00115053 
0.01005 -0.000401977 1.00989 0.0139853 -5.29109 -0.025979 
0.0100497 -0.00035137 1.00701 0.0768484 -5.29089 -0.0531078 
0.010049 -0.000300766 1.0002 0.139407 -5.29055 -0.0802353 
0.0100482 -0.000250163 0.989482 0.201414 -5.29006 -0.107361 
0.010047 -0.000199564 0.974899 0.262625 -5.28944 -0.134483 
0.0100456 -0.000148968 0.95651 0.3228 -5.28868 -0.161602 
0.010044 -9.83765e-05 0.934386 0.3817 -5.28777 -0.188717 
0.0100421 -4.77901e-05 0.908615 0.439094 -5.28673 -0.215826 
0.0100399 2.79078e-06 0.879301 0.494756 -5.28554 -0.24293 
0.0100375 5.33652e-05 0.846558 0.548467 -5.28422 -0.270028 
0.0100348 0.000103933 0.810517 0.600016 -5.28275 -0.297118 
0.0100319 0.000154492 0.771321 0.6492 -5.28114 -0.324201 
0.0100287 0.000205043 0.729124 0.695827 -5.2794 -0.351274 
0.0100252 0.000255584 0.684094 0.739713 -5.27751 -0.378339 
0.0100215 0.000306115 0.636409 0.780686 -5.27548 -0.405394 
0.0100175 0.000356635 0.586257 0.818586 -5.27332 -0.432437 
0.0100133 0.000407143 0.533836 0.853265 -5.27101 -0.45947 
0.0100088 0.000457637 0.479354 0.884588 -5.26857 -0.48649 
0.0100041 0.000508118 0.423025 0.912433 -5.26598 -0.513497 
0.00999909 0.000558583 0.365072 0.936691 -5.26325 -0.540491 
0.00999382 0.000609033 0.305722 0.957268 -5.26039 -0.56747 
0.00998829 0.000659464 0.24521 0.974086 -5.25738 -0.594434 
0.0099825 0.000709878 0.183774 0.98708 -5.25424 -0.621382 
0.00997644 0.000760272 0.121655 0.9962 -5.25095 -0.648314 
0.00997013 0.000810644 0.0590967 1.00141 -5.24753 -0.675229 
0.00996355 0.000860995 -0.00365412 1.0027 -5.24397 -0.702126 
0.0099567 0.000911322 -0.0663518 1.00005 -5.24026 -0.729004 
0.00994959 0.000961624 -0.128751 0.993488 -5.23642 -0.755863 
0.00994221 0.0010119 -0.190606 0.983034 -5.23244 -0.782702 
0.00993457 0.00106215 -0.251675 0.968731 -5.22832 -0.80952 
0.00992665 0.00111236 -0.31172 0.950638 -5.22406 -0.836317 
0.00991848 0.00116255 -0.370506 0.928826 -5.21967 -0.863091 
0.00991003 0.00121271 -0.427803 0.903382 -5.21513 -0.889842 
0.00990132 0.00126283 -0.483387 0.874408 -5.21046 -0.91657 
0.00989233 0.00131291 -0.537042 0.842018 -5.20564 -0.943274 
0.00988308 0.00136296 -0.588558 0.80634 -5.20069 -0.969952 
0.00987356 0.00141296 -0.637734 0.767514 -5.1956 -0.996605 
0.00986377 0.00146293 -0.68438 0.725694 -5.19038 -1.02323 
0.00985371 0.00151285 -0.728312 0.681044 -5.18501 -1.04983 
0.00984338 0.00156273 -0.769362 0.633739 -5.17951 -1.0764 
0.00983277 0.00161256 -0.807368 0.583964 -5.17387 -1.10294 
0.0098219 0.00166234 -0.842184 0.531916 -5.16809 -1.12946 
0.00981076 0.00171207 -0.873673 0.477797 -5.16218 -1.15594 
0.00979934 0.00176175 -0.901714 0.421819 -5.15613 -1.18239 
0.00978766 0.00181138 -0.926198 0.364202 -5.14994 -1.20882 
0.0097757 0.00186094 -0.94703 0.305171 -5.14361 -1.2352 
0.00976347 0.00191045 -0.964129 0.244956 -5.13715 -1.26156 
0.00975098 0.0019599 -0.977428 0.183793 -5.13055 -1.28788 
0.00973821 0.00200928 -0.986877 0.12192 -5.12381 -1.31417 
0.00972517 0.0020586 -0.992438 0.0595792 -5.11694 -1.34043 
0.00971186 0.00210786 -0.99409 -0.00298606 -5.10994 -1.36664 
0.00969828 0.00215704 -0.991827 -0.0655315 -5.10279 -1.39283 
0.00968443 0.00220615 -0.985657 -0.127813 -5.09551 -1.41897 
0.00967032 0.00225519 -0.975605 -0.189588 -5.0881 -1.44508 
0.00965593 0.00230415 -0.961709 -0.250614 -5.08055 -1.47115 
0.00964128 0.00235304 -0.944024 -0.310653 -5.07287 -1.49718 
0.00962636 0.00240185 -0.922618 -0.369471 -5.06505 -1.52317 
0.00961117 0.00245058 -0.897574 -0.426838 -5.05709 -1.54912 
0.00959572 0.00249922 -0.868989 -0.48253 -5.04901 -1.57502 
0.00958 0.00254778 -0.836976 -0.536328 -5.04078 -1.60089 
0.00956402 0.00259625 -0.801657 -0.588023 -5.03243 -1.62672 
0.00954777 0.00264463 -0.763171 -0.637411 -5.02394 -1.6525 
0.00953126 0.00269292 -0.721667 -0.684299 -5.01532 -1.67823 
0.00951449 0.00274112 -0.677307 -0.728503 -5.00656 -1.70392 
0.00949746 0.00278922 -0.630263 -0.769849 -4.99767 -1.72957 
0.00948017 0.00283723 -0.580719 -0.808176 -4.98865 -1.75517 
0.00946262 0.00288514 -0.528867 -0.843331 -4.97949 -1.78073 
0.00944481 0.00293295 -0.47491 -0.875177 -4.9702 -1.80623 
0.00942674 0.00298066 -0.419059 -0.903588 -4.96078 -1.83169 
0.00940842 0.00302826 -0.361531 -0.92845 -4.95123 -1.8571 
0.00938985 0.00307576 -0.302551 -0.949666 -4.94155 -1.88246 
0.00937102 0.00312315 -0.24235 -0.967151 -4.93173 -1.90777 
0.00935194 0.00317044 -0.181163 -0.980835 -4.92179 -1.93304 
0.0093326 0.00321761 -0.11923 -0.990663 -4.91171 -1.95824 
0.00931302 0.00326468 -0.056793 -0.996594 -4.9015 -1.9834 
0.00929319 0.00331163 0.00590279 -0.998605 -4.89116 -2.0085 
0.00927311 0.00335847 0.0686115 -0.996685 -4.88069 -2.03355 
0.00925279 0.0034052 0.131087 -0.990841 -4.8701 -2.05855 
0.00923222 0.00345181 0.193084 -0.981093 -4.85937 -2.08349 
0.00921141 0.0034983 0.254359 -0.967479 -4.84851 -2.10838 
0.00919036 0.00354468 0.31467 -0.95005 -4.83753 -2.13321 
0.00916906 0.00359094 0.37378 -0.928874 -4.82641 -2.15798 
0.00914752 0.00363707 0.431457 -0.904032 -4.81517 -2.1827 
0.00912575 0.00368309 0.487473 -0.87562 -4.8038 -2.20736 
0.00910374 0.00372898 0.541606 -0.84375 -4.7923 -2.23196 
0.00908149 0.00377475 0.593644 -0.808544 -4.78067 -2.25649 
0.00905901 0.0038204 0.643381 -0.770141 -4.76892 -2.28097 
0.0090363 0.00386592 0.69062 -0.728691 -4.75704 -2.30539 
0.00901335 0.00391132 0.735174 -0.684355 -4.74503 -2.32975 
0.00899017 0.00395659 0.776866 -0.637308 -4.73289 -2.35405 
0.00896676 0.00400173 0.815533 -0.587734 -4.72064 -2.37828 
0.00894312 0.00404675 0.851021 -0.535827 -4.70825 -2.40245 
0.00891925 0.00409164 0.883188 -0.481792 -4.69574 -2.42656 
0.00889516 0.0041364 0.911908 -0.425842 -4.6831 -2.4506 
0.00887084 0.00418103 0.937066 -0.368196 -4.67034 -2.47457 
0.00884629 0.00422553 0.958563 -0.309081 -4.65746 -2.49848 
0.00882152 0.0042699 0.976313 -0.24873 -4.64445 -2.52233 
0.00879653 0.00431414 0.990245 -0.187381 -4.63132 -2.5461 
0.00877131 0.00435825 1.00031 -0.125275 -4.61806 -2.56981 
0.00874587 0.00440223 1.00645 -0.0626586 -4.60468 -2.59345 
0.00872021 0.00444608 1.00866 0.000222667 -4.59118 -2.61702 
0.00869433 0.00448979 1.00693 0.0631206 -4.57755 -2.64052 
0.00866823 0.00453337 1.00125 0.125787 -4.56381 -2.66395 
0.00864191 0.00457682 0.991657 0.187975 -4.54994 -2.68731 
0.00861537 0.00462013 0.978185 0.249439 -4.53595 -2.7106 
0.00858861 0.00466331 0.960887 0.309937 -4.52184 -2.73382 
0.00856164 0.00470636 0.939832 0.369231 -4.50761 -2.75696 
0.00853445 0.00474927 0.915103 0.427086 -4.49326 -2.78003 
0.00850704 0.00479204 0.886798 0.483276 -4.47879 -2.80303 
0.00847941 0.00483468 0.855029 0.537578 -4.4642 -2.82595 
0.00845157 0.00487718 0.819922 0.58978 -4.44949 -2.84879 
0.00842351 0.00491954 0.781616 0.639676 -4.43466 -2.87156 
0.00839524 0.00496176 0.740263 0.68707 -4.41972 -2.89425 
0.00836675 0.00500385 0.696025 0.731776 -4.40465 -2.91687 
0.00833805 0.0050458 0.649078 0.773619 -4.38947 -2.93941 
0.00830913 0.0050876 0.599608 0.812435 -4.37417 -2.96187 
0.00828 0.00512927 0.547809 0.848072 -4.35876 -2.98425 
0.00825065 0.0051708 0.493887 0.880392 -4.34323 -3.00655 
0.00822109 0.00521218 0.438054 0.909267 -4.32758 -3.02877 
0.00819131 0.00525342 0.38053 0.934586 -4.31182 -3.05091 
0.00816132 0.00529452 0.321541 0.956251 -4.29594 -3.07297 
0.00813111 0.00533547 0.261321 0.974178 -4.27995 -3.09494 
0.00810069 0.00537627 0.200106 0.988298 -4.26384 -3.11684 
0.00807006 0.00541693 0.138136 0.998556 -4.24762 -3.13865 
0.00803921 0.00545745 0.075655 1.00491 -4.23128 -3.16038 
0.00800815 0.00549781 0.0129087 1.00735 -4.21484 -3.18202 
0.00797688 0.00553803 -0.0498569 1.00585 -4.19828 -3.20358 
0.00794539 0.00557809 -0.112396 1.00044 -4.18161 -3.22505 
0.00791369 0.005618 -0.174463 0.991115 -4.16482 -3.24643 
0.00788177 0.00565776 -0.235816 0.977933 -4.14793 -3.26773 
0.00784964 0.00569736 -0.296214 0.96094 -4.13092 -3.28895 
0.0078173 0.00573681 -0.355421 0.940206 -4.11381 -3.31007 
0.00778475 0.0057761 -0.413207 0.915814 -4.09658 -3.33111 
0.00775198 0.00581524 -0.469344 0.887859 -4.07925 -3.35205 
0.007719 0.00585421 -0.523615 0.856453 -4.0618 -3.37291 
0.00768581 0.00589302 -0.575808 0.821719 -4.04425 -3.39368 
0.0076524 0.00593167 -0.62572 0.783795 -4.02659 -3.41435 
0.00761878 0.00597016 -0.673156 0.742831 -4.00882 -3.43494 
0.00758495 0.00600848 -0.717931 0.698986 -3.99095 -3.45543 
0.00755091 0.00604663 -0.759872 0.652434 -3.97297 -3.47583 
0.00751666 0.00608461 -0.798816 0.603357 -3.95488 -3.49614 
0.0074822 0.00612243 -0.834611 0.551946 -3.93668 -3.51636 
0.00744753 0.00616007 -0.867118 0.498405 -3.91838 -3.53648 
0.00741265 0.00619753 -0.896212 0.442942 -3.89998 -3.5565 
0.00737756 0.00623482 -0.921778 0.385774 -3.88147 -3.57643 
0.00734226 0.00627194 -0.943719 0.327125 -3.86286 -3.59627 
0.00730676 0.00630887 -0.96195 0.267223 -3.84414 -3.61601 
0.00727105 0.00634562 -0.976398 0.206303 -3.82533 -3.63565 
0.00723513 0.0063822 -0.98701 0.144603 -3.8064 -3.6552 
0.00719901 0.00641858 -0.993743 0.0823632 -3.78738 -3.67464 
0.00716268 0.00645478 -0.996571 0.019827 -3.76826 -3.69399 
0.00712615 0.0064908 -0.995485 -0.0427617 -3.74903 -3.71324 
0.00708942 0.00652662 -0.990488 -0.105158 -3.72971 -3.73239 
0.00705248 0.00656225 -0.981599 -0.16712 -3.71028 -3.75145 
0.00701535 0.00659769 -0.968854 -0.228404 -3.69076 -3.7704 
0.00697801 0.00663294 -0.952302 -0.288772 -3.67114 -3.78925 
0.00694048 0.00666799 -0.932006 -0.347987 -3.65141 -3.80799 
0.00690275 0.00670284 -0.908048 -0.405818 -3.63159 -3.82664 
0.00686483 0.00673749 -0.880518 -0.46204 -3.61168 -3.84518 
0.00682671 0.00677194 -0.849525 -0.516432 -3.59166 -3.86362 
0.0067884 0.00680619 -0.815188 -0.568782 -3.57156 -3.88196 
0.0067499 0.00684023 -0.777643 -0.618885 -3.55135 -3.90019 
0.00671121 0.00687407 -0.737033 -0.666544 -3.53105 -3.91832 
0.00667232 0.0069077 -0.693519 -0.711572 -3.51065 -3.93635 
0.00663326 0.00694112 -0.647268 -0.753793 -3.49017 -3.95426 
0.006594 0.00697433 -0.598462 -0.793041 -3.46958 -3.97208 
0.00655456 0.00700733 -0.547291 -0.829162 -3.44891 -3.98978 
0.00651495 0.00704012 -0.493954 -0.862012 -3.42814 -4.00738 
0.00647514 0.00707269 -0.438659 -0.891463 -3.40728 -4.02487 
0.00643517 0.00710505 -0.381623 -0.917398 -3.38633 -4.04225 
0.00639501 0.00713719 -0.323067 -0.939714 -3.36528 -4.05953 
0.00635468 0.00716911 -0.263222 -0.958323 -3.34415 -4.0767 
0.00631417 0.00720081 -0.202322 -0.973149 -3.32293 -4.09375 
0.0062735 0.00723229 -0.140604 -0.984135 -3.30162 -4.1107 
0.00623265 0.00726356 -0.0783102 -0.991235 -3.28022 -4.12754 
0.00619163 0.00729459 -0.0156855 -0.99442 -3.25873 -4.14426 
0.00615045 0.00732541 0.0470248 -0.993675 -3.23715 -4.16088 
0.0061091 0.007356 0.109574 -0.989003 -3.21549 -4.17738 
0.0060676 0.00738637 0.171718 -0.98042 -3.19374 -4.19377 
0.00602593 0.00741651 0.23321 -0.967958 -3.17191 -4.21005 
0.0059841 0.00744643 0.29381 -0.951665 -3.14999 -4.22621 
0.00594211 0.00747611 0.353278 -0.931603 -3.12798 -4.24226 
0.00589997 0.00750557 0.411381 -0.90785 -3.1059 -4.2582 
0.00585767 0.00753481 0.467889 -0.880498 -3.08372 -4.27402 
0.00581522 0.00756381 0.52258 -0.849653 -3.06147 -4.28973 
0.00577262 0.00759259 0.575237 -0.815436 -3.03913 -4.30533 
0.00572988 0.00762113 0.625652 -0.777979 -3.01671 -4.3208 
0.00568698 0.00764945 0.673627 -0.73743 -2.99421 -4.33617 
0.00564395 0.00767753 0.718971 -0.693947 -2.97163 -4.35141 
0.00560076 0.00770539 0.761505 -0.6477 -2.94897 -4.36654 
0.00555744 0.00773301 0.80106 -0.598871 -2.92623 -4.38155 
0.00551398 0.0077604 0.83748 -0.547651 -2.90342 -4.39644 
0.00547038 0.00778756 0.870621 -0.494242 -2.88052 -4.41122 
0.00542664 0.00781449 0.90035 -0.438855 -2.85755 -4.42587 
0.00538276 0.00784119 0.92655 -0.381706 -2.8345 -4.44041 
0.00533875 0.00786766 0.949117 -0.323021 -2.81137 -4.45483 
0.00529461 0.0078939 0.967961 -0.263031 -2.78817 -4.46912 
0.00525034 0.0079199 0.983008 -0.201972 -2.76489 -4.4833 
0.00520594 0.00794567 0.994196 -0.140085 -2.74154 -4.49736 
0.00516141 0.00797121 1.00148 -0.0776147 -2.71811 -4.51129 
0.00511675 0.00799652 1.00484 -0.0148067 -2.69461 -4.52511 
0.00507197 0.0080216 1.00425 0.0480912 -2.67104 -4.5388 
0.00502706 0.00804644 0.999714 0.110831 -2.6474 -4.55237 
0.00498202 0.00807106 0.991256 0.173165 -2.62368 -4.56582 
0.00493687 0.00809544 0.978906 0.234847 -2.5999 -4.57914 
0.00489159 0.00811959 0.962713 0.295634 -2.57604 -4.59234 
0.0048462 0.00814351 0.942742 0.355287 -2.55212 -4.60542 
0.00480068 0.0081672 0.91907 0.413571 -2.52812 -4.61837 
0.00475504 0.00819065 0.891792 0.470255 -2.50406 -4.6312 
0.00470929 0.00821388 0.861016 0.525117 -2.47993 -4.64391 
0.00466342 0.00823687 0.826864 0.57794 -2.45574 -4.65649 
0.00461744 0.00825963 0.78947 0.628518 -2.43148 -4.66894 
0.00457134 0.00828216 0.748982 0.67665 -2.40715 -4.68127 
0.00452512 0.00830445 0.705561 0.722149 -2.38276 -4.69347 
0.00447879 0.00832652 0.659377 0.764835 -2.3583 -4.70554 
0.00443235 0.00834835 0.610615 0.804541 -2.33378 -4.71749 
0.00438579 0.00836995 0.559465 0.841112 -2.3092 -4.72931 
0.00433913 0.00839132 0.50613 0.874405 -2.28455 -4.74101 
0.00429235 0.00841245 0.450821 0.90429 -2.25984 -4.75257 
0.00424546 0.00843335 0.393755 0.930651 -2.23507 -4.76401 
0.00419846 0.00845402 0.335157 0.953384 -2.21024 -4.77532 
0.00415135 0.00847446 0.275257 0.972402 -2.18536 -4.7865 
0.00410413 0.00849466 0.214292 0.987632 -2.16041 -4.79755 
0.00405681 0.00851462 0.152502 0.999015 -2.1354 -4.80847 
0.00400938 0.00853435 0.0901278 1.00651 -2.11034 -4.81926 
0.00396184 0.00855385 0.0274158 1.01008 -2.08522 -4.82992 
0.00391419 0.00857311 -0.0353883 1.00973 -2.06004 -4.84045 
0.00386643 0.00859213 -0.0980383 1.00544 -2.03481 -4.85085 
0.00381857 0.00861091 -0.160289 0.99725 -2.00952 -4.86112 
0.00377061 0.00862946 -0.221896 0.985181 -1.98418 -4.87125 
0.00372254 0.00864777 -0.282619 0.969285 -1.95879 -4.88126 
0.00367437 0.00866584 -0.34222 0.949626 -1.93334 -4.89113 
0.00362609 0.00868367 -0.400467 0.926282 -1.90784 -4.90088 
0.00357771 0.00870125 -0.457132 0.899345 -1.88229 -4.91048 
0.00352923 0.0087186 -0.511994 0.868923 -1.85668 -4.91996 
0.00348065 0.0087357 -0.56484 0.835135 -1.83103 -4.9293 
0.00343197 0.00875256 -0.615462 0.798115 -1.80533 -4.93851 
0.00338318 0.00876918 -0.663666 0.758009 -1.77957 -4.94759 
0.0033343 0.00878555 -0.709261 0.714974 -1.75377 -4.95653 
0.00328532 0.00880167 -0.752073 0.669179 -1.72793 -4.96534 
0.00323624 0.00881755 -0.791933 0.620804 -1.70203 -4.97401 
0.00318706 0.00883317 -0.828688 0.570039 -1.67609 -4.98255 
0.00313779 0.00884855 -0.862195 0.517081 -1.65011 -4.99095 
0.00308842 0.00886368 -0.892323 0.46214 -1.62408 -4.99922 
0.00303896 0.00887855 -0.918957 0.405429 -1.598 -5.00736 
0.00298941 0.00889317 -0.941992 0.34717 -1.57189 -5.01536 
0.00293976 0.00890754 -0.961339 0.287591 -1.54573 -5.02322 
0.00289003 0.00892165 -0.976925 0.226924 -1.51952 -5.03094 
0.0028402 0.00893551 -0.988687 0.165407 -1.49328 -5.03853 
0.00279029 0.0089491 -0.996582 0.103279 -1.467 -5.04599 
0.00274028 0.00896244 -1.00058 0.040782 -1.44067 -5.0533 
0.00269019 0.00897552 -1.00066 -0.0218389 -1.41431 -5.06048 
0.00264002 0.00898834 -0.996829 -0.0843399 -1.38791 -5.06752 
0.00258977 0.0090009 -0.989098 -0.146477 -1.36147 -5.07443 
0.00253943 0.00901319 -0.9775 -0.208008 -1.335 -5.0812 
0.00248901 0.00902522 -0.962077 -0.268693 -1.30849 -5.08783 
0.00243851 0.00903698 -0.942892 -0.328294 -1.28194 -5.09432 
0.00238794 0.00904848 -0.920017 -0.38658 -1.25536 -5.10067 
0.00233729 0.0090597 -0.893543 -0.443321 -1.22874 -5.10688 
0.00228657 0.00907066 -0.863572 -0.498298 -1.20209 -5.11296 
0.00223577 0.00908135 -0.830221 -0.551294 -1.17541 -5.1189 
0.0021849 0.00909177 -0.79362 -0.602102 -1.1487 -5.1247 
0.00213397 0.00910192 -0.75391 -0.650524 -1.12195 -5.13036 
0.00208297 0.0091118 -0.711247 -0.696369 -1.09518 -5.13588 
0.0020319 0.0091214 -0.665797 -0.739458 -1.06837 -5.14126 
0.00198077 0.00913073 -0.617737 -0.779622 -1.04154 -5.1465 
0.00192958 0.00913978 -0.567255 -0.816703 -1.01467 -5.1516 
0.00187833 0.00914856 -0.514546 -0.850554 -0.987784 -5.15656 
0.00182703 0.00915706 -0.459818 -0.881043 -0.960868 -5.16138 
0.00177567 0.00916529 -0.403283 -0.90805 -0.933924 -5.16606 
0.00172425 0.00917323 -0.345163 -0.931466 -0.906956 -5.1706 
0.00167279 0.0091809 -0.285684 -0.951199 -0.879963 -5.175 
0.00162127 0.00918829 -0.22508 -0.967172 -0.852946 -5.17926 
0.00156971 0.0091954 -0.163588 -0.979319 -0.825906 -5.18338 
0.00151811 0.00920224 -0.101449 -0.987592 -0.798843 -5.18736 
0.00146646 0.00920879 -0.0389058 -0.991957 -0.771759 -5.19119 
0.00141477 0.00921506 0.0237955 -0.992395 -0.744653 -5.19489 
0.00136304 0.00922105 0.0864089 -0.988904 -0.717528 -5.19844 
0.00131128 0.00922676 0.148688 -0.981496 -0.690383 -5.20185 
0.00125948 0.00923219 0.210389 -0.970197 -0.663219 -5.20512 
0.00120766 0.00923734 0.271268 -0.955052 -0.636037 -5.20825 
0.0011558 0.00924221 0.331086 -0.936118 -0.608837 -5.21124 
0.00110391 0.0092468 0.389607 -0.913469 -0.581621 -5.21408 
0.001052 0.0092511 0.446601 -0.887193 -0.554389 -5.21678 
0.00100007 0.00925513 0.501841 -0.85739 -0.527143 -5.21935 
0.000948109 0.00925888 0.555112 -0.824179 -0.499881 -5.22176 
0.000896134 0.00926234 0.606201 -0.787688 -0.472606 -5.22404 
0.000844141 0.00926553 0.654907 -0.748059 -0.445319 -5.22617 
0.000792133 0.00926843 0.701038 -0.705449 -0.418019 -5.22817 
0.000740111 0.00927106 0.74441 -0.660025 -0.390708 -5.23001 
0.000688078 0.00927341 0.784852 -0.611963 -0.363386 -5.23172 
0.000636035 0.00927548 0.822204 -0.561454 -0.336054 -5.23328 
0.000583985 0.00927727 0.856318 -0.508696 -0.308713 -5.23471 
0.000531929 0.00927879 0.887058 -0.453895 -0.281363 -5.23598 
0.000479869 0.00928002 0.914303 -0.397269 -0.254006 -5.23712 
0.000427806 0.00928099 0.937944 -0.33904 -0.226642 -5.23811 
0.000375743 0.00928167 0.957887 -0.279438 -0.199272 -5.23896 
0.000323681 0.00928208 0.974053 -0.218697 -0.171896 -5.23967 
0.000271621 0.00928222 0.986377 -0.157056 -0.144516 -5.24023 
0.000219565 0.00928208 0.994811 -0.0947602 -0.117132 -5.24065 
0.000167516 0.00928167 0.999321 -0.0320538 -0.089744 -5.24093 
0.000115473 0.00928099 0.999888 0.0308155 -0.062354 -5.24106 
6.3439e-05 0.00928003 0.996511 0.0935995 -0.0349624 -5.24105 
1.14149e-05 0.0092788 0.989202 0.156051 -0.00756975 -5.2409 
-4.05978e-05 0.00927731 0.97799 0.217922 0.0198231 -5.24061 
-9.2598e-05 0.00927554 0.96292 0.278971 0.0472154 -5.24017 
-0.000144584 0.00927351 0.944051 0.338955 0.0746064 -5.23959 
-0.000196555 0.0092712 0.921457 0.397639 0.101995 -5.23886 
-0.000248511 0.00926863 0.895228 0.45479 0.129381 -5.23799 
-0.000300448 0.0092658 0.865467 0.510185 0.156764 -5.23698 
-0.000352368 0.00926269 0.832293 0.563604 0.184142 -5.23583 
-0.000404267 0.00925932 0.795837 0.614838 0.211516 -5.23453 
-0.000456147 0.00925569 0.756242 0.663684 0.238883 -5.23309 
-0.000508005 0.00925179 0.713665 0.709952 0.266244 -5.2315 
-0.000559841 0.00924763 0.668275 0.753459 0.293598 -5.22978 
-0.000611654 0.0092432 0.62025 0.794034 0.320944 -5.22791 
-0.000663442 0.00923852 0.569781 0.831519 0.34828 -5.22589 
-0.000715206 0.00923357 0.517066 0.865767 0.375608 -5.22374 
-0.000766944 0.00922835 0.462313 0.896644 0.402925 -5.22144 
-0.000818656 0.00922288 0.405739 0.924029 0.430231 -5.219 
-0.00087034 0.00921715 0.347565 0.947817 0.457525 -5.21641 
-0.000921997 0.00921115 0.288022 0.967914 0.484807 -5.21368 
-0.000973625 0.0092049 0.227343 0.984242 0.512075 -5.21081 
-0.00102522 0.00919839 0.165767 0.99674 0.53933 -5.2078 
-0.00107679 0.00919161 0.103535 1.00536 0.566569 -5.20464 
-0.00112833 0.00918458 0.0408934 1.01007 0.593793 -5.20134 
-0.00117984 0.00917729 -0.0219135 1.01084 0.621001 -5.1979 
-0.00123131 0.00916974 -0.0846391 1.00769 0.648192 -5.19431 
-0.00128275 0.00916193 -0.147038 1.00062 0.675365 -5.19059 
-0.00133416 0.00915386 -0.208865 0.989669 0.702519 -5.18672 
-0.00138553 0.00914553 -0.269878 0.97487 0.729654 -5.18271 
-0.00143687 0.00913695 -0.32984 0.956287 0.75677 -5.17855 
-0.00148818 0.0091281 -0.388515 0.933995 0.783864 -5.17426 
-0.00153944 0.009119 -0.445675 0.908081 0.810937 -5.16982 
-0.00159067 0.00910964 -0.501097 0.878648 0.837988 -5.16524 
-0.00164187 0.00910001 -0.554564 0.845813 0.865015 -5.16052 
-0.00169302 0.00909013 -0.605868 0.809704 0.892019 -5.15565 
-0.00174413 0.00907999 -0.65481 0.770465 0.918998 -5.15065 
-0.00179521 0.00906959 -0.701198 0.728249 0.945953 -5.1455 
-0.00184624 0.00905893 -0.744853 0.683223 0.972881 -5.14022 
-0.00189723 0.00904801 -0.785605 0.635562 0.999782 -5.13479 
-0.00194818 0.00903683 -0.823296 0.585453 1.02666 -5.12922 
-0.00199908 0.00902538 -0.857779 0.533093 1.0535 -5.12351 
-0.00204994 0.00901368 -0.88892 0.478686 1.08032 -5.11765 
-0.00210075 0.00900171 -0.916599 0.422446 1.10711 -5.11166 
-0.00215152 0.00898948 -0.940708 0.364592 1.13386 -5.10553 
-0.00220223 0.008977 -0.961154 0.30535 1.16059 -5.09926 
-0.0022529 0.00896424 -0.977859 0.244951 1.18728 -5.09284 
-0.00230352 0.00895122 -0.990756 0.183631 1.21394 -5.08629 
-0.00235408 0.00893794 -0.999797 0.121629 1.24057 -5.0796 
-0.0024046 0.0089244 -1.00495 0.0591876 1.26716 -5.07276 
-0.00245505 0.00891059 -1.00619 -0.00345018 1.29372 -5.06579 
-0.00250545 0.00889651 -1.00351 -0.06604 1.32024 -5.05868 
-0.0025558 0.00888217 -0.996927 -0.128338 1.34673 -5.05143 
-0.00260608 0.00886757 -0.986466 -0.1901 1.37318 -5.04404 
-0.00265631 0.0088527 -0.972166 -0.251087 1.39959 -5.03651 
-0.00270647 0.00883756 -0.954083 -0.31106 1.42597 -5.02884 
-0.00275657 0.00882215 -0.932288 -0.369784 1.4523 -5.02103 
-0.00280661 0.00880648 -0.906866 -0.427031 1.47859 -5.01309 
-0.00285657 0.00879054 -0.877914 -0.482578 1.50485 -5.00501 
-0.00290647 0.00877433 -0.845547 -0.536207 1.53106 -4.99679 
-0.0029563 0.00875785 -0.809889 -0.587708 1.55723 -4.98843 
-0.00300606 0.00874111 -0.771081 -0.63688 1.58335 -4.97993 
-0.00305574 0.0087241 -0.729272 -0.68353 1.60944 -4.9713 
-0.00310535 0.00870682 -0.684625 -0.727476 1.63547 -4.96253 
-0.00315488 0.00868927 -0.637315 -0.768546 1.66147 -4.95362 
-0.00320433 0.00867145 -0.587526 -0.806577 1.68742 -4.94458 
-0.0032537 0.00865336 -0.535452 -0.841421 1.71332 -4.9354 
-0.00330298 0.00863501 -0.481296 -0.872941 1.73917 -4.92608 
-0.00335218 0.00861638 -0.42527 -0.901012 1.76498 -4.91663 
-0.00340129 0.00859749 -0.367593 -0.925523 1.79073 -4.90704 
-0.00345031 0.00857833 -0.308489 -0.946377 1.81644 -4.89732 
-0.00349924 0.0085589 -0.248191 -0.963491 1.8421 -4.88746 
-0.00354808 0.00853921 -0.186934 -0.976798 1.86771 -4.87747 
-0.00359682 0.00851924 -0.124958 -0.986243 1.89326 -4.86734 
-0.00364546 0.00849901 -0.0625061 -0.991789 1.91876 -4.85708 
-0.00369401 0.00847851 0.000176782 -0.993412 1.94421 -4.84668 
-0.00374245 0.00845775 0.0628447 -0.991104 1.96961 -4.83615 
-0.00379078 0.00843672 0.125251 -0.984874 1.99495 -4.82549 
-0.00383901 0.00841543 0.187152 -0.974744 2.02024 -4.81469 
-0.00388713 0.00839387 0.248302 -0.960754 2.04547 -4.80376 
-0.00393515 0.00837205 0.308462 -0.942956 2.07064 -4.7927 
-0.00398304 0.00834996 0.367394 -0.921419 2.09576 -4.78151 
-0.00403083 0.00832761 0.424866 -0.896227 2.12082 -4.77018 
-0.0040785 0.00830501 0.480651 -0.867479 2.14582 -4.75872 
-0.00412605 0.00828214 0.53453 -0.835285 2.17076 -4.74713 
-0.00417348 0.00825901 0.586289 -0.799772 2.19564 -4.73541 
-0.00422078 0.00823562 0.635723 -0.761078 2.22046 -4.72355 
-0.00426797 0.00821198 0.682638 -0.719356 2.24522 -4.71157 
-0.00431502 0.00818808 0.726848 -0.674768 2.26992 -4.69946 
-0.00436195 0.00816393 0.768177 -0.62749 2.29455 -4.68721 
-0.00440875 0.00813952 0.806463 -0.577708 2.31912 -4.67484 
-0.00445542 0.00811485 0.841552 -0.525617 2.34363 -4.66234 
-0.00450195 0.00808994 0.873306 -0.471422 2.36807 -4.6497 
-0.00454835 0.00806478 0.9016 -0.415337 2.39244 -4.63694 
-0.00459461 0.00803937 0.92632 -0.357583 2.41675 -4.62405 
-0.00464074 0.00801371 0.947369 -0.298387 2.441 -4.61104 
-0.00468672 0.0079878 0.964663 -0.237983 2.46517 -4.59789 
-0.00473256 0.00796165 0.978133 -0.176609 2.48928 -4.58462 
-0.00477826 0.00793525 0.987725 -0.114507 2.51332 -4.57122 
